left_arm_waste:
  TMatrix00: 0.99972526 
  TMatrix01: 0.00340463 
  TMatrix02: 0.02319072 
  TMatrix03: 0.437882 
  TMatrix10: 0.00293433 
  TMatrix11: -0.99978997 
  TMatrix12: 0.02028318 
  TMatrix13: 1.7178841 
  TMatrix20: 0.02325491 
  TMatrix21: -0.02020956 
  TMatrix22: -0.99952528 
  TMatrix23: 0.774616 
  TMatrix30: 0.0 
  TMatrix31: 0.0 
  TMatrix32: 0.0 
  TMatrix33: 1.0 
  PPaiX: -0.132370576
  PPaiY: -0.027610617
  PPaiZ: 0.563920
  PPaiXYZ: 0
  lTerminal: 1753
  WorkSpaceLimitY: 250
  WorkSpaceLimitY2: -1750
  WorkSpaceLimitX1: -150
  WorkSpaceLimitX2: 80
  WorkSpaceLimitZ1: -6
  WorkSpaceLimitZ2: 100
  FollowLength: 200
  FollowLengthAdjust: 100
  AdjustZ: -5
  AdjustY: -35
  AdjustX: 0
  RegisterReset: 350000


right_arm_waste:
  TMatrix00: 0.99972526 
  TMatrix01: 0.00340463 
  TMatrix02: 0.02319072 
  TMatrix03: 0.437882 
  TMatrix10: 0.00293433 
  TMatrix11: -0.99978997 
  TMatrix12: 0.02028318 
  TMatrix13: 0.787201 
  TMatrix20: 0.02325491 
  TMatrix21: -0.02020956 
  TMatrix22: -0.99952528 
  TMatrix23: 0.774616 
  TMatrix30: 0.0 
  TMatrix31: 0.0 
  TMatrix32: 0.0 
  TMatrix33: 1.0 
  PPaiX: -0.109935917
  PPaiY: -0.048667941
  PPaiZ: 0.567529976
  PPaiXYZ: 0
  lTerminal: 793
  WorkSpaceLimitY: 250
  WorkSpaceLimitY2: -800
  WorkSpaceLimitX1: -120
  WorkSpaceLimitX2: 100
  WorkSpaceLimitZ1: -4
  WorkSpaceLimitZ2: 100
  FollowLength: 240
  FollowLengthAdjust: 100
  AdjustZ: -3
  AdjustY: -6
  AdjustX: 0
  RegisterReset: 350000